
  CDK     0525182024

 14 15  0  0  0  0  0  0  0  0999 V2000
   -0.7145   -0.4125    0.0000 C   0  0  0  0  0  0  0  0  0  0  0  0
   -0.7145    0.4125    0.0000 N   0  0  0  0  0  0  0  0  0  0  0  0
    0.7145   -0.4125    0.0000 C   0  0  0  0  0  0  0  0  0  0  0  0
    0.7145    0.4125    0.0000 C   0  0  0  0  0  0  0  0  0  0  0  0
    0.0000   -0.8250    0.0000 N   0  0  0  0  0  0  0  0  0  0  0  0
    0.0000    0.8250    0.0000 C   0  0  0  0  0  0  0  0  0  0  0  0
    1.4992    0.6674    0.0000 N   0  0  0  0  0  0  0  0  0  0  0  0
    1.4992   -0.6675    0.0000 N   0  0  0  0  0  0  0  0  0  0  0  0
    1.9841    0.0000    0.0000 C   0  0  0  0  0  0  0  0  0  0  0  0
   -1.4289   -0.8250    0.0000 O   0  0  0  0  0  0  0  0  0  0  0  0
    0.0001    1.6500    0.0000 O   0  0  0  0  0  0  0  0  0  0  0  0
    0.0001   -1.6500    0.0000 C   0  0  0  0  0  0  0  0  0  0  0  0
    1.7541    1.4520    0.0000 C   0  0  0  0  0  0  0  0  0  0  0  0
   -1.4289    0.8250    0.0000 C   0  0  0  0  0  0  0  0  0  0  0  0
 10  1  2  0  0  0  0 
  1  2  1  0  0  0  0 
 14  2  1  0  0  0  0 
  8  3  1  0  0  0  0 
  4  3  2  0  0  0  0 
  7  4  1  0  0  0  0 
  1  5  1  0  0  0  0 
  5  3  1  0  0  0  0 
 12  5  1  0  0  0  0 
  6  2  1  0  0  0  0 
  6  4  1  0  0  0  0 
 11  6  2  0  0  0  0 
  9  7  1  0  0  0  0 
 13  7  1  0  0  0  0 
  9  8  2  0  0  0  0 
M  END
> <NATURAL_PRODUCT_LIKENESS_SCORE>
-00,7782

> <UNIQUE_MOLECULE_ID>
01cce9b8-32d8-4310-8a57-fc119b4a4a98

$$$$
